104 37 790
99 50 -803
35 54 675
76 38 144
16 61 137
17 33 -772
48 3 747
63 62 -228
98 45 -6
69 5 146
5 62 400
75 58 663
6 25 318
37 21 -33
63 1 497
31 22 -69
12 50 -143
109 26 -331
23 16 -315
100 47 322
113 31 583
24 1 622
80 60 -307
2 33 752
2 59 79
111 5 267
33 16 660
88 59 617
72 27 183
21 20 245
16 30 688
108 60 664
75 34 34
38 8 769
72 22 24
49 44 207
49 20 -661
24 16 -539
2 20 231
7 4 692
80 15 585
92 61 398
100 19 457
108 15 -466
28 8 658
73 30 786
51 16 373
104 34 84
51 18 405
69 6 -469
57 37 56
64 19 111
30 57 -277
85 20 -24
20 22 259
71 14 389
45 47 594
60 15 790
98 17 -458
81 53 717
78 13 -336
73 42 -803
12 34 115
76 21 555
2 51 540
77 5 741
48 35 -291
57 7 -138
1 29 -204
42 56 53
35 5 820
57 12 -695
84 50 535
46 29 705
76 31 -495
113 1 -314
47 6 85
48 17 -635
45 43 -9
38 41 772
78 56 698
70 52 213
107 35 816
69 62 -285
64 47 497
40 31 -128
80 57 79
106 12 442
55 61 189
69 53 -291
21 4 -496
22 57 170
15 14 -732
12 15 716
103 58 683
26 30 2
49 46 -537
70 7 197
82 7 -650
49 35 86
69 13 -457
84 8 -195
19 4 -753
5 44 661
105 47 -313
93 18 593
79 42 588
8 19 688
27 4 -147
85 43 439
32 33 783
18 37 375
38 11 568
114 32 -723
69 11 498
74 60 438
10 46 -813
108 7 174
85 40 326
71 22 131
67 4 160
29 43 12
20 48 -329
101 24 574
8 52 -277
108 8 -630
77 6 -378
91 49 677
15 45 238
113 55 -377
107 27 605
109 38 781
73 7 -358
57 6 770
113 59 637
28 15 -13
96 16 166
91 4 -795
98 55 89
71 49 -513
97 9 608
46 8 -642
71 36 722
64 6 256
68 49 796
47 10 211
14 53 -468
110 56 212
64 17 431
38 28 360
83 29 680
87 59 757
103 30 -462
87 18 287
43 50 400
13 29 367
24 10 440
82 21 -382
32 43 765
19 46 -565
38 22 202
72 21 -271
58 30 196
45 26 600
27 15 409
79 12 -339
86 57 -662
66 45 86
4 13 694
73 3 330
104 41 677
12 46 -126
70 42 672
73 18 -333
101 27 337
102 34 -38
29 14 458
34 46 289
66 55 -477
59 34 -668
90 26 606
84 42 370
106 26 356
98 15 -152
27 26 -680
87 26 -385
22 49 39
105 44 81
13 14 787
99 15 161
99 6 -499
44 57 -476
3 11 -781
68 13 -71
59 23 57
95 59 -805
72 15 656
53 29 -793
112 52 -424
7 53 592
72 10 422
113 18 73
98 35 -61
75 11 -214
84 4 643
20 8 -507
92 3 -236
91 45 -366
17 61 583
57 44 222
103 62 261
112 4 715
111 47 -805
49 6 189
2 14 579
43 60 418
7 14 287
48 28 178
40 22 491
