28 68 552
16 62 -17
12 29 395
21 32 644
29 55 19
2 6 -112
15 18 7
32 32 -592
11 52 -64
4 35 254
4 55 564
3 17 155
28 70 98
10 72 -123
1 30 45
28 19 -631
3 15 -589
20 36 -137
15 61 -115
11 27 108
16 76 323
19 22 820
23 71 -587
33 7 282
13 1 169
10 77 323
4 85 830
12 76 627
26 57 613
32 3 681
25 34 266
12 60 144
16 59 250
2 49 281
3 84 726
31 85 293
10 36 -189
7 57 -99
33 33 3
29 76 560
20 74 157
24 21 644
25 11 39
20 84 -602
32 2 648
17 57 790
28 39 221
11 53 674
6 62 289
34 67 -803
33 56 616
2 9 219
9 14 -61
6 7 -144
5 70 807
7 6 167
3 28 396
23 44 728
31 30 -772
30 77 57
3 46 -654
17 84 629
16 8 502
6 28 479
19 63 -373
1 60 147
13 69 -493
9 66 -853
11 45 176
33 60 304
20 47 334
34 36 -307
34 14 829
14 87 655
15 83 -239
21 22 -538
3 5 875
29 20 -655
18 48 -729
30 22 250
21 41 504
22 7 115
14 27 792
1 21 -635
31 55 417
4 51 -866
11 74 737
33 47 860
28 5 9
15 27 -678
8 17 797
23 56 416
10 6 573
1 8 470
8 83 490
1 80 182
31 79 845
17 87 859
19 85 33
27 1 -857
31 70 372
22 56 808
7 70 -272
13 70 -465
27 26 -652
8 24 -821
2 3 561
7 1 218
7 48 -276
13 36 296
15 23 301
20 65 586
7 28 24
30 18 685
6 39 579
3 4 -620
12 59 421
2 87 -4
33 20 306
26 45 -807
4 60 -409
15 31 -225
22 54 643
25 1 -310
8 70 -206
10 30 236
31 4 579
26 51 -587
11 39 645
19 7 225
23 79 -566
13 54 -283
20 26 203
21 23 359
7 31 417
24 51 688
25 40 752
11 23 683
13 46 469
10 48 66
2 37 -822
30 36 772
6 65 -564
2 65 -612
25 80 553
28 85 171
28 83 -30
25 53 328
24 23 513
26 77 496
17 12 427
14 67 464
31 18 678
32 26 404
