84 87 154
16 94 998
87 93 763
22 63 869
91 60 708
27 41 352
73 37 252
69 68 115
83 31 864
24 68 308
30 3 973
59 70 193
94 57 815
43 30 406
22 20 807
38 99 894
16 71 111
27 92 675
57 74 807
71 97 914
6 26 501
28 37 792
47 30 77
58 25 334
83 46 714
68 35 942
44 51 737
9 77 18
89 85 601
52 55 488
33 61 639
69 40 209
27 87 913
40 96 515
35 79 882
2 98 444
18 93 269
57 2 327
87 42 16
90 45 915
41 30 55
18 98 687
82 76 442
28 68 134
98 54 169
66 7 354
20 25 740
72 33 999
4 20 244
69 9 282
41 50 745
24 19 416
47 52 806
56 80 710
65 29 461
51 94 212
35 65 466
15 88 117
44 92 900
66 60 980
33 52 999
29 76 597
75 22 981
96 30 785
36 94 960
29 44 232
29 30 201
5 44 134
14 39 78
41 5 329
29 89 520
18 18 145
25 44 889
84 91 195
73 26 632
91 6 651
55 87 607
83 43 675
98 8 856
5 49 393
23 29 285
44 47 996
41 23 225
11 6 494
62 31 233
6 21 621
45 27 151
66 9 443
83 59 897
38 63 132
1 37 126
100 80 317
69 72 583
32 82 623
34 95 224
64 100 345
100 97 373
74 14 73
91 96 732
67 85 430
91 85 775
43 37 725
46 57 707
19 88 327
49 73 499
10 37 135
43 88 886
2 14 517
22 56 981
100 22 138
40 12 813
68 6 295
28 51 859
59 21 170
23 70 999
82 31 21
93 73 135
51 26 928
23 100 845
43 99 501
99 91 589
91 10 391
20 37 787
56 95 515
80 70 43
77 51 749
61 43 261
85 94 950
22 68 327
14 62 840
27 60 203
3 3 345
85 22 553
69 29 692
73 9 88
99 37 238
54 49 997
34 34 252
91 55 236
47 69 214
1 47 40
98 50 965
4 34 286
87 26 576
97 76 714
58 30 14
61 15 328
61 5 585
57 3 117
98 100 200
40 3 706
4 1 423
48 39 584
52 36 231
40 93 832
28 5 930
50 65 912
30 44 386
78 1 629
72 50 562
68 89 94
96 44 931
30 91 49
41 42 970
27 33 216
43 61 937
24 62 949
10 91 925
97 68 78
35 91 446
25 58 714
69 6 888
13 87 545
47 27 262
17 53 469
30 47 182
48 71 727
81 32 128
58 28 12
87 15 215
13 91 217
80 11 881
90 75 912
42 21 331
88 89 368
67 71 854
57 18 160
61 50 477
6 60 630
19 46 247
74 59 171
38 90 932
8 79 463
15 72 529
1 60 384
39 26 679
75 34 353
82 94 73
71 100 764
40 70 224
23 95 614
48 32 650
83 91 657
92 58 898
22 58 917
92 48 620
32 22 189
41 55 630
99 26 230
17 17 998
32 40 432
5 39 185
19 22 418
63 13 202
78 86 429
5 77 904
8 60 202
45 100 760
61 19 39
64 50 633
12 6 606
92 76 453
15 90 74
94 19 433
83 23 479
18 31 763
75 27 203
87 54 306
75 15 556
80 78 739
76 89 625
11 33 145
18 47 111
38 92 983
44 74 120
26 92 138
19 18 226
64 56 734
59 31 610
72 62 571
86 90 49
5 52 228
51 69 963
86 7 739
40 50 420
68 27 911
78 97 415
66 61 408
56 71 388
12 43 393
97 80 55
71 85 698
28 35 776
84 73 800
31 64 765
51 31 587
15 60 748
48 25 13
36 33 560
55 44 510
87 41 320
60 63 613
84 42 971
24 25 506
23 55 481
48 72 684
70 19 276
4 54 960
7 98 166
85 9 25
99 92 871
99 16 106
72 90 468
7 11 377
25 10 463
1 79 141
54 82 536
39 90 757
68 48 476
88 32 186
23 82 301
51 80 162
55 51 724
14 58 36
82 82 400
21 34 567
82 88 984
97 26 776
23 93 889
98 33 643
82 7 650
58 9 601
100 63 719
84 77 50
78 10 763
33 83 826
67 64 950
83 12 377
87 86 611
91 84 817
