47 263 178
90 104 -347
106 350 3
18 68 84
97 379 353
27 225 -328
21 51 363
71 344 -90
70 235 -270
38 377 332
88 262 202
66 98 399
60 91 354
23 405 -177
123 195 317
43 238 -285
12 42 -167
119 114 -265
76 178 -375
15 21 304
5 337 97
66 313 64
33 56 -13
78 49 260
11 139 355
112 347 375
24 394 78
31 229 413
14 81 147
10 282 245
17 202 172
82 60 382
34 392 208
45 394 247
68 300 180
116 88 33
4 132 -151
8 420 -221
112 276 159
117 196 362
18 377 45
50 423 134
111 197 145
54 81 -64
24 278 340
104 288 78
18 144 55
117 332 330
64 290 39
28 340 -229
81 5 404
30 123 267
101 131 -169
64 142 -138
78 184 91
96 228 53
23 199 306
42 419 250
22 441 -398
97 101 369
60 61 -420
92 57 41
99 395 106
29 427 239
118 273 -185
34 138 69
37 171 -225
94 321 -241
81 204 160
45 120 214
52 419 194
95 148 320
12 221 -340
122 421 111
96 339 -45
62 237 -277
91 308 -166
47 19 288
101 269 -400
3 387 163
